# Layer 0
1111111111111111111111111111111
1111111111111111111111111111111
1111111111111111111111111111111
1111111111111111111111111
1111111111111111111111111
1111111111111111111
1111111111111111111
1111111111111
1111111111111
111111111
111111111
11111
11111
11111

# Layer 1
22222222222222242222222222222
22222222222222242222222222222
2222222222222224222222222
2222222222222224222222222
22222225222222222222
2222222222222222222
2222222222222
2222222222222
22222222
22222222
2222
2222

# Layer 2
0300000000000000000
0300000000030000000
0300000000000000
0300000000000000
00000000000
00000000000
0000000
0000000
000
000
000